1 100
2 100
3 100
4 100
5 100
6 100
7 100
8 100
9 100
10 100
11 100
12 100
13 100
14 100
15 93.3333
16 93.75
17 94.1176
18 88.8889
19 84.2105
20 85
21 80.9524
22 81.8182
23 82.6087
24 83.3333
25 84
26 84.6154
27 85.1852
28 85.7143
29 86.2069
30 86.6667
31 87.0968
32 84.375
33 84.8485
34 82.3529
35 80
36 77.7778
37 78.3784
38 78.9474
39 79.4872
40 80
41 80.4878
42 80.9524
43 79.0698
44 79.5455
45 80
46 80.4348
47 80.8511
48 81.25
49 81.6327
50 82
51 80.3922
52 78.8462
53 77.3585
54 75.9259
55 76.3636
56 75
57 75.4386
58 74.1379
59 72.8814
60 73.3333
61 72.1311
62 72.5807
63 73.0159
64 73.4375
65 73.8462
66 74.2424
67 74.6269
68 75
69 75.3623
70 75.7143
71 76.0563
72 76.3889
73 76.7123
74 75.6757
75 74.6667
76 73.6842
77 72.7273
78 73.0769
79 73.4177
80 73.75
81 74.0741
82 73.1707
83 72.2892
84 72.619
85 71.7647
86 70.9302
87 71.2644
88 70.4545
89 70.7865
90 71.1111
91 71.4286
92 71.7391
93 72.043
94 72.3404
95 72.6316
96 71.875
97 72.1649
98 72.449
99 72.7273
100 73
101 73.2673
102 72.549
103 71.8447
104 71.1538
105 70.4762
106 70.7547
107 70.0935
108 69.4444
109 69.7248
110 70
111 70.2703
112 69.6429
113 69.9115
114 69.2982
115 68.6957
116 68.9655
117 69.2308
118 69.4915
119 69.7479
120 69.1667
121 68.595
122 68.8525
123 69.1057
124 69.3548
125 69.6
126 69.8413
127 70.0787
128 70.3125
129 70.5426
130 70.7692
131 70.229
132 69.697
133 69.9248
134 70.1493
135 69.6296
136 69.1176
137 68.6131
138 68.8406
139 68.3453
140 68.5714
141 68.7943
142 68.3099
143 67.8322
144 68.0556
145 67.5862
146 67.8082
147 68.0272
148 67.5676
149 67.1141
150 67.3333
151 66.8874
152 66.4474
153 66.6667
154 66.8831
155 67.0968
156 67.3077
157 67.5159
158 67.7215
159 67.2956
160 66.875
161 67.0807
162 67.284
163 66.8712
164 66.4634
165 66.0606
166 65.6627
167 65.8683
168 65.4762
169 65.6805
170 65.2941
171 64.9123
172 64.5349
173 64.7399
174 64.9425
175 65.1429
176 65.3409
177 65.5367
178 65.7303
179 65.9218
180 65.5556
181 65.7459
182 65.9341
183 66.1202
184 66.3044
185 66.4865
186 66.6667
187 66.8449
188 67.0213
189 66.6667
190 66.8421
191 67.0157
192 67.1875
193 67.3575
194 67.5258
195 67.1795
196 66.8367
197 67.0051
198 66.6667
199 66.8342
200 67
201 67.1642
202 67.3267
203 66.9951
204 66.6667
205 66.8293
206 66.9903
207 67.1498
208 67.3077
209 66.9856
210 66.6667
211 66.3507
212 66.0377
213 66.1972
214 65.8878
215 66.0465
216 65.7407
217 65.8986
218 66.055
219 66.21
220 66.3636
221 66.5158
222 66.6667
223 66.8161
224 66.9643
225 66.6667
226 66.8142
227 66.5198
228 66.6667
229 66.3755
230 66.087
231 65.8009
232 65.9483
233 65.6652
234 65.812
235 65.9574
236 65.678
237 65.8228
238 65.9664
239 66.1088
240 66.25
241 66.39
242 66.5289
243 66.6667
244 66.8033
245 66.5306
246 66.6667
247 66.8016
248 66.5323
249 66.2651
250 66
251 66.1355
252 66.2698
253 66.0079
254 66.1417
255 66.2745
256 66.4063
257 66.1479
258 66.2791
259 66.4093
260 66.5385
261 66.2835
262 66.0305
263 65.7795
264 65.9091
265 66.0377
266 65.7895
267 65.9176
268 66.0448
269 65.7993
270 65.5556
271 65.3137
272 65.0735
273 64.8352
274 64.9635
275 65.0909
276 65.2174
277 65.343
278 65.4676
279 65.5914
280 65.7143
281 65.8363
282 65.9574
283 66.0777
284 66.1972
285 66.3158
286 66.4336
287 66.5505
288 66.6667
289 66.782
290 66.8966
291 66.6667
292 66.7808
293 66.5529
294 66.6667
295 66.7797
296 66.8919
297 66.6667
298 66.7785
299 66.8896
300 67
301 67.1096
302 67.2185
303 66.9967
304 66.7763
305 66.8852
306 66.9935
307 66.7752
308 66.8831
309 66.9903
310 67.0968
311 67.2026
312 67.3077
313 67.4121
314 67.5159
315 67.619
316 67.7215
317 67.5079
318 67.2956
319 67.0846
320 66.875
321 66.6667
322 66.7702
323 66.8731
324 66.9753
325 67.0769
326 67.1779
327 66.9725
328 66.7683
329 66.8693
330 66.9697
331 67.0695
332 67.1687
333 66.967
334 67.0659
335 66.8657
336 66.9643
337 67.0623
338 67.1598
339 66.9617
340 67.0588
341 67.1554
342 67.2515
343 67.3469
344 67.1512
345 67.2464
346 67.341
347 67.4352
348 67.5287
349 67.3352
350 67.1429
351 67.2365
352 67.3295
353 67.4221
354 67.5141
355 67.3239
356 67.4157
357 67.507
358 67.5978
359 67.688
360 67.7778
361 67.867
362 67.9558
363 67.7686
364 67.8571
365 67.6712
366 67.7596
367 67.8474
368 67.663
369 67.7507
370 67.5676
371 67.3854
372 67.2043
373 67.0241
374 66.8449
375 66.6667
376 66.4894
377 66.313
378 66.4021
379 66.4908
380 66.5789
381 66.6667
382 66.7539
383 66.5796
384 66.6667
385 66.7532
386 66.8394
387 66.9251
388 66.7526
389 66.581
390 66.4103
391 66.4962
392 66.3265
393 66.4122
394 66.4975
395 66.5823
