1 100
2 100
3 100
4 100
5 100
6 100
7 100
8 100
9 100
10 100
11 100
12 100
13 100
14 100
15 93.3333
16 93.75
17 94.1176
18 88.8889
19 84.2105
20 85
21 80.9524
22 81.8182
23 82.6087
24 83.3333
25 84
26 84.6154
27 85.1852
28 85.7143
29 86.2069
30 86.6667
31 87.0968
32 84.375
33 84.8485
34 82.3529
35 80
36 77.7778
37 78.3784
38 78.9474
39 79.4872
40 80
41 80.4878
42 80.9524
43 79.0698
44 79.5455
45 80
46 80.4348
47 80.8511
48 81.25
49 81.6327
50 82
51 80.3922
52 78.8462
53 77.3585
54 75.9259
55 76.3636
56 75
57 75.4386
58 74.1379
59 72.8814
60 73.3333
61 72.1311
62 70.9677
63 71.4286
64 71.875
65 72.3077
66 72.7273
67 73.1343
68 73.5294
69 73.913
70 74.2857
71 74.6479
72 75
73 75.3425
74 74.3243
75 73.3333
76 72.3684
77 71.4286
78 71.7949
79 70.8861
80 71.25
81 71.6049
82 71.9512
83 71.0843
84 70.2381
85 70.5882
86 69.7674
87 68.9655
88 68.1818
89 68.5393
90 68.8889
91 69.2308
92 69.5652
93 69.8925
94 70.2128
95 70.5263
96 69.7917
97 70.1031
98 70.4082
99 70.7071
100 71
101 71.2871
102 70.5882
103 70.8738
104 71.1538
105 70.4762
106 70.7547
107 71.028
108 70.3704
109 70.6422
110 70.9091
111 70.2703
112 69.6429
113 69.0266
114 68.4211
115 67.8261
116 68.1034
117 68.3761
118 68.6441
119 68.9076
120 68.3333
121 67.7686
122 68.0328
123 68.2927
124 68.5484
125 68.8
126 69.0476
127 69.2913
128 69.5313
129 69.7674
130 70
131 70.229
132 70.4545
133 70.6767
134 70.8955
135 71.1111
136 70.5882
137 70.073
138 69.5652
139 69.0648
140 68.5714
141 68.7943
142 68.3099
143 67.8322
144 68.0556
145 68.2759
146 68.4931
147 68.7075
148 68.9189
149 68.4564
150 68.6667
151 68.2119
152 67.7632
153 67.9739
154 68.1818
155 68.3871
156 68.5897
157 68.7898
158 68.9873
159 69.1824
160 69.375
161 69.5652
162 69.1358
163 69.3252
164 68.9024
165 68.4848
166 68.0723
167 68.2635
168 67.8571
169 68.0473
170 67.6471
171 67.2515
172 66.8605
173 67.052
174 67.2414
175 67.4286
176 67.6136
177 67.7966
178 67.9775
179 67.5978
180 67.2222
181 67.4033
182 67.5824
183 67.7596
184 67.9348
185 68.1081
186 68.2796
187 68.4492
188 68.617
189 68.7831
190 68.9474
191 68.5864
192 68.2292
193 68.3938
194 68.0412
195 68.2051
196 67.8571
197 68.0203
198 68.1818
199 68.3417
200 68.5
201 68.1592
202 68.3168
203 67.9803
204 67.6471
205 67.8049
206 67.9612
207 68.1159
208 68.2692
209 68.4211
210 68.0952
211 67.7725
212 67.4528
213 67.6056
214 67.757
215 67.907
216 68.0556
217 68.2028
218 68.3486
219 68.4931
220 68.1818
221 67.8733
222 68.018
223 68.1614
224 68.3036
225 68
226 68.1416
227 68.2819
228 68.4211
229 68.559
230 68.2609
231 68.3983
232 68.1034
233 67.8112
234 67.5214
235 67.234
236 67.3729
237 67.0886
238 67.2269
239 66.9456
240 67.0833
241 67.2199
242 67.3554
243 67.4897
244 67.623
245 67.7551
246 67.8862
247 68.0162
248 68.1452
249 67.8715
250 67.6
251 67.3307
252 67.0635
253 66.7984
254 66.5354
255 66.2745
256 66.4063
257 66.537
258 66.6667
259 66.7954
260 66.9231
261 66.6667
262 66.7939
263 66.5399
264 66.6667
265 66.4151
266 66.5414
267 66.6667
268 66.791
269 66.9145
270 66.6667
271 66.4207
272 66.1765
273 66.3004
274 66.4234
275 66.5455
276 66.6667
277 66.787
278 66.9065
279 67.0251
280 67.1429
281 67.2598
282 67.3759
283 67.4912
284 67.6056
285 67.3684
286 67.4825
287 67.5958
288 67.7083
289 67.8201
290 67.931
291 67.6976
292 67.8082
293 67.9181
294 68.0272
295 68.1356
296 68.2432
297 68.3502
298 68.4564
299 68.2274
300 68.3333
301 68.4385
302 68.543
303 68.6469
304 68.75
305 68.8525
306 68.6275
307 68.4039
308 68.5065
309 68.2848
310 68.3871
311 68.4887
312 68.5897
313 68.6901
314 68.7898
315 68.8889
316 68.9873
317 69.0852
318 69.1824
319 68.9655
320 68.75
321 68.5358
322 68.6335
323 68.4211
324 68.2099
325 68.3077
326 68.4049
327 68.1957
328 68.2927
329 68.3891
330 68.4848
331 68.2779
332 68.0723
333 67.8679
334 67.9641
335 67.7612
336 67.8571
337 67.9525
338 68.0473
339 68.1416
340 67.9412
341 68.0352
342 68.1287
343 68.2216
344 68.314
345 68.4058
346 68.4971
347 68.5879
348 68.3908
349 68.1948
350 68
351 68.0912
352 68.1818
353 68.2719
354 68.3616
355 68.4507
356 68.5393
357 68.3473
358 68.1564
359 68.2451
360 68.3333
361 68.4211
362 68.5083
363 68.3196
364 68.1319
365 68.2192
366 68.306
367 68.3924
368 68.2065
369 68.2927
370 68.1081
371 67.9245
372 67.7419
373 67.5603
374 67.3797
375 67.2
376 67.0213
377 66.8435
378 66.9312
379 67.0185
380 67.1053
381 67.1916
382 67.0157
383 66.8407
384 66.9271
385 67.013
386 67.0984
387 67.1835
388 67.268
389 67.0951
390 66.9231
391 67.0077
392 66.8367
393 66.9211
394 67.0051
395 67.0886
